3,2
3,1
3,3
10,121
10,219
10,253
10,313
10,169
10,2
9,7
9,1
9,5
9,2
9,3
8,5
8,15
8,4
8,12
132,3
132,1
123,6
123,5
123,4
123,3
123,2
123,1
123,0
117,3
117,1
69,3
69,1
66,3
66,1
65,3
65,1
64,3
64,1
63,3
63,1
12,3
12,2
12,1
11,29
20,2
11,28
20,1
11,27
20,3
11,26
11,25
11,24
11,23
11,21
11,20
11,19
11,18
11,17
11,16
11,15
19,2
11,14
19,1
11,13
19,3
11,12
11,11
11,9
11,8
11,7
11,6
11,5
11,4
11,3
11,2
11,1
10,311
10,309
10,300
10,299
10,289
10,287
10,279
10,277
10,276
10,267
10,255
10,254
10,251
10,249
10,247
10,246
10,245
10,242
10,234
10,229
10,228
10,227
10,222
10,220
10,199
10,197
10,196
10,192
10,191
18,1
10,187
18,3
10,182
10,181
10,179
10,174
14,1
10,171
14,3
